0.22632
0.22016
0.21833
0.21667
0.21505
0.21359
0.2095
0.206
0.20311
0.20142
0.20047
0.19805
0.19645
0.19301
0.19169
0.18942
0.17863
0.17745
0.17669
0.17159
0.16536
0.1649
0.16283
0.16274
0.16277
0.1576
0.15587
0.15456
0.15153
0.15017
0.15202
0.14954
0.14732
0.14923
0.14903
0.14795
0.14672
0.13866
0.13823
0.13764
0.13722
0.13721
0.13662
0.13578
0.13384
0.13304
0.12573
0.12402
0.12449
0.12349
0.12425
0.12361
0.1223
0.12938
0.13192
0.13303
0.13121
0.13015
0.12861
0.12583
0.1228
0.11974
0.11662
0.11552
0.11346
0.11577
0.11483
0.11484
0.11493
0.11709
0.12049
0.12201
0.12189
0.12053
0.12053
0.11544
0.11759
0.11914
0.11962
0.11956
0.11769
0.11782
0.11672
0.11341
0.11414
0.10002
0.10041
0.09956
0.09729
0.0954
0.09535
0.09576
0.09529
0.09344
0.09432
0.09303
0.09264
0.09368
0.09454
0.09473
0.09335
0.09261
0.09321
0.09304
0.09355
0.09569
0.0961
0.09602
0.09572
0.089
0.08595
0.08701
0.08795
0.0868
0.08648
0.08631
0.08646
0.08823
0.08686
0.08578
0.08507
0.08426
0.08332
0.08294
0.08129
0.08435
0.09029
0.09025
0.09068
0.08724
0.08678
0.0848
0.08453
0.08243
0.08267
0.0828
0.08357
0.08491
0.08387
0.08451
0.08364
0.08623
0.08662
0.08654
0.08648
0.08537
0.08471
0.08416
0.08523
0.09327
0.0917
0.09031
0.092
0.09133
0.09147
0.09319
0.09261
0.09687
0.09649
0.09736
0.09666
0.09757
0.09784
0.09777
0.09959
0.10065
0.10171
0.09938
0.09644
0.09542
0.09379
0.09355
0.09239
0.08535
0.0858
0.0848
0.08484
0.08473
0.08598
0.08567
0.08452
0.08388
0.08552
0.08567
0.08337
0.08284
0.08336
0.08406
0.08406
0.08338
0.08191
0.0822
0.08103
0.08217
0.08111
0.0806
0.07958
0.07828
0.07825
0.07796
0.07818
0.07823
0.07906
0.0784
0.07896
0.08097
0.08127
0.08188
0.08231
0.08262
0.08203
0.0889
0.07959
0.08047
0.07993
0.0802
0.08001
0.08652
0.08495
0.08306
0.0834
0.08406
0.08352
0.08362
0.08517
0.08568
0.08667
0.08487
0.08384
0.08311
0.08359
0.08465
0.08408
0.08544
0.08462
0.08213
0.08117
0.0809
0.08229
0.08331
0.08369
0.08181
0.08264
0.08213
0.07992
0.08068
0.08101
0.08045
0.0793
0.07806
0.0868
0.08564
0.085
0.08577
0.0874
0.08914
0.08863
0.08845
0.08839
0.0879
0.08613
0.08501
0.08077
0.08094
0.08682
0.0859
0.08369
0.08346
0.08382
0.08445
0.08561
0.08643
0.08658
0.0877
0.08807
0.08792
0.08935
0.08824
0.0882
0.08883
0.08899
0.0891
0.09125
0.09076
0.08917
0.09001
0.08873
0.08893
0.08833
0.08833
0.08861
0.08868
0.08824
0.0893
0.08967
0.09053
0.09114
0.0914
0.09221
0.09173
0.09112
0.09498
0.09564
0.09628
0.09701
0.09685
0.10181
0.10229
0.10158
0.10068
0.10126
0.10194
0.10205
0.09855
0.09867
0.09904
0.09849
0.09896
0.09948
0.10032
0.1
0.09948
0.10115
0.1023
0.10324
0.10003
0.09786
0.09788
0.09847
0.09881
0.09944
0.09818
0.09748
0.09595
0.09576
0.09753
0.09787
0.09859
0.0981
0.09863
0.09828
0.10154
0.10065
0.10094
0.102
0.10064
0.1012
0.09987
0.10136
0.0995
0.09871
0.0983
0.09767
0.0982
0.09511
0.09515
0.09374
0.09278
0.09261
0.09309
0.09409
0.09426
0.09556
0.09534
0.09463
0.09513
0.09442
0.09318
0.09341
0.0912
0.09004
0.08948
0.08992
0.09002
0.09037
0.09019
0.08954
0.09072
0.08733
0.08686
0.08611
0.08658
0.08671
0.08618
0.08527
0.08662
0.08685
0.08619
0.08577
0.08606
0.08637
0.08933
0.08777
0.08789
0.08701
0.08735
0.08823
0.08931
0.09084
0.09018
0.09055
0.09003
0.08992
0.08781
0.08673
0.08596
0.08561
0.08568
0.08637
0.08645
0.08685
0.08774
0.09043
0.09071
0.09271
0.09284
0.09283
0.0922
0.09119
0.09127
0.09062
0.09051
0.09103
0.09207
0.09235
0.09259
0.09212
0.09162
0.09106
0.09282
0.09221
0.09201
0.09114
0.09281
0.09273
0.09342
0.09329
0.09365
0.09746
0.09779
0.09589
0.0991
0.09972
0.09855
0.09995
0.10121
0.09716
0.09705
0.09576
0.09529
0.09626
0.09484
0.0962
0.09502
0.09764
0.09738
0.0979
0.09847
0.09772
0.09737
0.09869
0.09818
0.09791
0.09775
0.09811
0.09928
0.10036
0.10249
0.10251
0.10274
0.10291
0.10157
0.10129
0.10313
0.10303
0.10315
0.1023
0.10192
0.10304
0.10079
0.09972
0.09832
0.09904
0.09872
0.09919
0.09832
0.09833
0.09949
0.09948
0.09954
0.10113
0.10122
0.10157
0.10183
0.10269
0.10436
0.1002
0.10387
0.10509
0.10453
0.10564
0.10667
0.10361
0.10449
0.10489
0.10561
0.10137
0.0985
0.09984
0.09914
0.09904
0.09959
0.09886
0.09831
0.09846
0.09885
0.09939
0.10079
0.09373
0.09548
0.09422
0.09375
0.09351
0.0975
0.09789
0.09852
0.09189
0.09169
0.08907
0.08853
0.09045
0.09068
0.09326
0.09264
0.09151
0.0924
0.09201
0.0962
0.09689
0.09756
0.09819
0.09747
0.09619
0.09631
0.09589
0.09606
0.0977
0.09772
0.09704
0.09353
0.09256
0.09237
0.09262
0.09728
0.09655
0.09875
0.09885
0.09857
0.09883
0.09802
0.09959
0.0974
0.09708
0.09623
0.09889
0.09999
0.09906
0.09853
0.09893
0.09867
0.09992
0.09604
0.09742
0.09868
0.09761
0.09605
0.0948
0.09649
0.09645
0.09717
0.09917
0.09829
0.09753
0.09482
0.09425
0.09345
0.09265
0.09153
0.09173
0.09353
0.09426
0.09372
0.09364
0.08803
0.08803
0.09452
0.09525
0.0958
0.0885
0.09021
0.09247
0.09226
0.09304
0.09209
0.09169
0.09099
0.09154
0.09812
0.09781
0.09963
0.10048
0.10114
0.10258
0.10191
0.10223
0.09857
0.09871
0.0998
0.09971
0.08475
0.08442
0.08559
0.08334
0.08386
0.08241
0.08195
0.08466
0.08547
0.08606
0.08832
0.08868
0.08929
0.08996
0.08931
0.09005
0.09147
0.09171
0.0937
0.0944
0.09462
0.09419
0.09332
0.09399
0.09232
0.09054
0.09182
0.09328
0.09032
0.08954
0.08974
0.08933
0.09684
0.09731
0.09307
0.09243
0.09045
0.09065
0.0912
0.09056
0.08867
0.08921
0.08619
0.08606
0.08641
0.08639
0.08643
0.09702
0.09692
0.10031
0.10021
0.10062
0.10003
0.1
0.10001
0.09936
0.09719
0.09611
0.09747
0.09749
0.0966
0.0961
0.09651
0.09599
0.09539
0.09974
0.09993
0.1001
0.0997
0.09838
0.09462
0.09481
0.09505
0.09442
0.09406
0.09274
0.08563
0.08508
0.08518
0.08588
0.08611
0.08736
0.08833
0.08484
0.08609
0.0857
0.08867
0.08969
0.09309
0.09549
0.095
0.09465
0.0946
0.09386
0.09469
0.094
0.09437
0.09431
0.08533
0.08595
0.08727
0.08627
0.0862
0.08663
0.08791
0.08575
0.08601
0.08527
0.08462
0.08559
0.08268
0.08126
0.08203
0.0809
0.08069
0.08103
0.07883
0.07954
0.08167
0.08121
0.08038
0.08122
0.08152
0.08231
0.08257
0.08676
0.08706
0.08735
0.08835
0.08808
0.08793
0.08754
0.08681
0.08746
0.08747
0.0871
0.08858
0.08937
0.08782
0.08662
0.08828
0.08815
0.09089
0.09376
0.093
0.09317
0.09411
0.09542
0.09329
0.09322
0.09112
0.0916
0.09098
0.08961
0.08808
0.08804
0.08676
0.08819
0.08791
0.08791
0.08649
0.08745
0.08707
0.08986
0.08828
0.09021
0.08992
0.09006
0.08969
0.09017
0.09181
0.09221
0.09407
0.09256
0.09266
0.10075
0.09964
0.09937
0.09944
0.09729
0.09746
0.09655
0.09628
0.09683
0.09629
0.09734
0.09837
0.09892
0.09859
0.09815
0.09763
0.09791
0.09839
0.10055
0.10107
0.10029
0.10074
0.09493
0.09646
0.09711
0.09582
0.09627
0.10063
0.09881
0.0981
0.09686
0.09828
0.09979
0.09724
0.09675
0.09705
0.09763
0.09763
0.09646
0.10588
0.10531
0.10276
0.10246
0.1022
0.09989
0.09925
0.09877
0.10146
0.09972
0.09912
0.09984
0.10054
0.10109
0.09794
0.09727
0.09777
0.09544
0.09421
0.09194
0.09425
0.09321
0.09412
0.09356
0.09321
0.09172
0.0912
0.08333
0.08202
0.08181
0.08205
0.08147
0.08065
0.08046
0.07878
0.07884
0.07833
0.07946
0.07883
0.07932
0.07947
0.07943
0.07873
0.07866
0.0803
0.07941
0.07976
0.079
0.07881
0.07967
0.07982
0.07919
0.07894
0.08009
0.08003
0.07974
0.08154
0.08132
0.08147
0.08191
0.08227
0.0791
0.08193
0.08257
0.08089
0.08106
0.08159
0.08152
0.08257
0.08156
0.08071
0.08795
0.08686
0.08558
0.08382
0.08345
0.0835
0.08365
0.08263
0.08186
0.08295
0.08381
0.09126
0.09205
0.09273
0.09213
0.09171
0.09251
0.09209
0.09048
0.0905
0.09112
0.09167
0.09516
0.09467
0.09553
0.09283
0.09137
0.09181
0.09246
0.09285
0.09396
0.09292
0.09279
0.09317
0.09145
0.08972
0.0899
0.08998
0.08989
0.09076
0.09149
0.09128
0.09272
0.09068
0.0904
0.09143
0.10158
0.10091
0.09772
0.09549
0.09544
0.09611
0.09684
0.09828
0.09749
0.09776
0.09702
0.09701
0.09712
0.09722
0.09667
0.09602
0.09696
0.09729
0.09661
0.09824
0.09937
0.09862
0.09948
0.09907
0.09744
0.09822
0.09802
0.09887
0.09895
0.09985
0.10164
0.10077
0.09477
0.09468
0.09435
0.09421
0.09507
0.09516
0.08473
0.09383
0.09392
0.09452
0.09648
0.09447
0.09436
0.09388
0.09219
0.09142
0.09306
0.09119
